一代/n	0.7073170731707317;0.21951219512195122;0.07317073170731707
一体/n	0.68;0.0;0.32
一体化/vn	0.4823529411764706;0.15294117647058825;0.36470588235294116
一共/d	0.45454545454545453;0.18181818181818182;0.36363636363636365
一切/r	0.25925925925925924;0.2222222222222222;0.5185185185185185
一定/d	0.21768707482993196;0.5680272108843537;0.21428571428571427
一家/n	0.32;0.32;0.36
一带/n	0.9318181818181818;0.022727272727272728;0.045454545454545456
一度/d	0.23255813953488372;0.6511627906976745;0.11627906976744186
一把手/n	0.0;0.1111111111111111;0.8888888888888888
一方面/c	0.5652173913043478;0.2608695652173913;0.17391304347826086
一旦/d	0.22916666666666666;0.6666666666666666;0.10416666666666667
一样/u	0.35;0.275;0.375
一次性/d	0.3157894736842105;0.5789473684210527;0.10526315789473684
一汽/j	0.024024024024024024;0.36036036036036034;0.6156156156156156
一流/b	0.5806451612903226;0.0967741935483871;0.3225806451612903
一直/d	0.2608695652173913;0.4472049689440994;0.2919254658385093
一等奖/n	0.21428571428571427;0.07142857142857142;0.7142857142857143
一级/b	0.28;0.36;0.36
一线/n	0.15625;0.375;0.46875
一致/a	0.11538461538461539;0.36538461538461536;0.5192307692307693
一般/a	0.21739130434782608;0.5217391304347826;0.2608695652173913
一行/n	0.2727272727272727;0.0;0.7272727272727273
一览/n	0.12;0.24;0.64
一贯/b	0.06666666666666667;0.7666666666666667;0.16666666666666666
一起/s	0.2558139534883721;0.046511627906976744;0.6976744186046512
七月/t	0.0;0.0;1.0
万元万元/nr	0.26666666666666666;0.6666666666666666;0.06666666666666667
万元万元万元/nr	0.2222222222222222;0.6666666666666666;0.1111111111111111
万国/b	0.38235294117647056;0.29411764705882354;0.3235294117647059
万艾可/nr	0.6363636363636364;0.0;0.36363636363636365
万达/nr	0.23076923076923078;0.0;0.7692307692307693
三星/nz	0.08333333333333333;0.16666666666666666;0.75
三木/nr	0.0;0.5509259259259259;0.44907407407407407
三环/ns	0.45454545454545453;0.0;0.5454545454545454
三角/n	0.20491803278688525;0.6229508196721312;0.1721311475409836
上/f	0.3552978386926726;0.3073273589878756;0.33737480231945177
上下游/j	0.7142857142857143;0.07142857142857142;0.21428571428571427
上交所/j	0.12;0.42;0.46
上升/v	0.38414634146341464;0.4268292682926829;0.18902439024390244
上午/t	0.11627906976744186;0.2558139534883721;0.627906976744186
上半年/t	0.12313432835820895;0.6865671641791045;0.19029850746268656
上周/t	0.32653061224489793;0.3673469387755102;0.30612244897959184
上市/v	0.29777070063694266;0.39570063694267515;0.3065286624203822
上年/t	0.16778523489932887;0.5637583892617449;0.2684563758389262
上报/v	0.18181818181818182;0.36363636363636365;0.45454545454545453
上方/f	0.10526315789473684;0.6842105263157895;0.21052631578947367
上汽/j	0.28846153846153844;0.3076923076923077;0.40384615384615385
上海/ns	0.20326678765880218;0.18148820326678766;0.6152450090744102
上海市/ns	0.2631578947368421;0.21052631578947367;0.5263157894736842
上涨/v	0.4444444444444444;0.3168724279835391;0.23868312757201646
上游/f	0.5625;0.25;0.1875
上演/v	0.21052631578947367;0.5263157894736842;0.2631578947368421
上缴/v	0.23076923076923078;0.6923076923076923;0.07692307692307693
上证/j	0.5294117647058824;0.35294117647058826;0.11764705882352941
上调/v	0.6;0.28;0.12
上述/b	0.20069204152249134;0.5190311418685121;0.28027681660899656
上限/n	0.13636363636363635;0.2727272727272727;0.5909090909090909
上面/f	0.25;0.25;0.5
下/f	0.3324225865209472;0.29508196721311475;0.37249544626593806
下午/t	0.2;0.2;0.6
下半年/t	0.3373493975903614;0.40963855421686746;0.25301204819277107
下去/v	0.21428571428571427;0.5;0.2857142857142857
下发/v	0.26666666666666666;0.4;0.3333333333333333
下属/v	0.34210526315789475;0.34210526315789475;0.3157894736842105
下挫/v	0.08333333333333333;0.75;0.16666666666666666
下方/f	0.25;0.7083333333333334;0.041666666666666664
下来/v	0.32;0.4;0.28
下沉/v	0.07142857142857142;0.5714285714285714;0.35714285714285715
下游/f	0.3888888888888889;0.4583333333333333;0.1527777777777778
下滑/v	0.08731808731808732;0.8253638253638254;0.08731808731808732
下线/n	0.7142857142857143;0.14285714285714285;0.14285714285714285
下行/v	0.11764705882352941;0.8529411764705882;0.029411764705882353
下调/v	0.22727272727272727;0.7272727272727273;0.045454545454545456
下跌/v	0.13071895424836602;0.7254901960784313;0.1437908496732026
下载/v	0.4166666666666667;0.375;0.20833333333333334
下降/v	0.09028960817717206;0.848381601362862;0.06132879045996593
下面/f	0.23076923076923078;0.07692307692307693;0.6923076923076923
不/d	0.2014165559982293;0.5064187693669765;0.2921646746347942
不久前/t	0.18181818181818182;0.45454545454545453;0.36363636363636365
不仅/c	0.4098360655737705;0.3360655737704918;0.2540983606557377
不仅仅/d	0.5;0.09090909090909091;0.4090909090909091
不再/d	0.07894736842105263;0.42105263157894735;0.5
不利/a	0.010752688172043012;0.9139784946236559;0.07526881720430108
不可/v	0.391304347826087;0.21739130434782608;0.391304347826087
不同/a	0.3741496598639456;0.272108843537415;0.35374149659863946
不够/a	0.1;0.5;0.4
不好/a	0.14285714285714285;0.7142857142857143;0.14285714285714285
不容乐观/l	0.18181818181818182;0.7272727272727273;0.09090909090909091
不得/v	0.11538461538461539;0.5384615384615384;0.34615384615384615
不得不/d	0.07692307692307693;0.6923076923076923;0.23076923076923078
不慎/d	0.0;0.1111111111111111;0.8888888888888888
不断/d	0.4625668449197861;0.2700534759358289;0.26737967914438504
不景气/a	0.07142857142857142;0.9285714285714286;0.0
不知/v	0.0;0.5714285714285714;0.42857142857142855
不管/c	0.2857142857142857;0.6428571428571429;0.07142857142857142
不翼而飞/i	0.0;1.0;0.0
不能/v	0.19540229885057472;0.6206896551724138;0.1839080459770115
不足/a	0.29545454545454547;0.4431818181818182;0.26136363636363635
不过/c	0.2465753424657534;0.4657534246575342;0.2876712328767123
不锈钢/n	0.06666666666666667;0.9333333333333333;0.0
不错/a	0.17647058823529413;0.4117647058823529;0.4117647058823529
不难/d	0.25;0.4375;0.3125
与/p	0.3833973128598848;0.2615163147792706;0.3550863723608445
与其/c	0.16666666666666666;0.3333333333333333;0.5
与此同时/c	0.37254901960784315;0.43137254901960786;0.19607843137254902
专/d	0.5294117647058824;0.08823529411764706;0.38235294117647056
专业/n	0.42857142857142855;0.19196428571428573;0.3794642857142857
专业化/v	0.7954545454545454;0.09090909090909091;0.11363636363636363
专业性/n	0.5;0.08333333333333333;0.4166666666666667
专利/n	0.4723404255319149;0.3021276595744681;0.225531914893617
专卖店/n	0.022222222222222223;0.08888888888888889;0.8888888888888888
专员/n	0.0;1.0;0.0
专场/n	0.09090909090909091;0.0;0.9090909090909091
专家/n	0.46153846153846156;0.33974358974358976;0.1987179487179487
专注/v	0.34177215189873417;0.379746835443038;0.27848101265822783
专用/vn	0.18181818181818182;0.11038961038961038;0.7077922077922078
专门/d	0.41935483870967744;0.25806451612903225;0.3225806451612903
专项/b	0.4375;0.3645833333333333;0.19791666666666666
专题/n	0.09523809523809523;0.2857142857142857;0.6190476190476191
且/c	0.28703703703703703;0.5416666666666666;0.1712962962962963
世/ng	0.10714285714285714;0.14285714285714285;0.75
世界/n	0.4529616724738676;0.14634146341463414;0.40069686411149824
世纪/n	0.36363636363636365;0.36363636363636365;0.2727272727272727
业/ng	0.09915966386554621;0.5176470588235295;0.3831932773109244
业主/n	0.25;0.2916666666666667;0.4583333333333333
业内/d	0.3211009174311927;0.3761467889908257;0.30275229357798167
业内人士/n	0.2413793103448276;0.6293103448275862;0.12931034482758622
业务/n	0.4793814432989691;0.2536082474226804;0.2670103092783505
业务员/n	0.0;0.8181818181818182;0.18181818181818182
业绩/n	0.23828920570264767;0.615071283095723;0.14663951120162932
东/f	0.08264462809917356;0.11570247933884298;0.8016528925619835
东兴/ns	0.3333333333333333;0.08333333333333333;0.5833333333333334
东北/s	0.2631578947368421;0.18421052631578946;0.5526315789473685
东南/f	0.19230769230769232;0.0;0.8076923076923077
东南亚/ns	0.16666666666666666;0.16666666666666666;0.6666666666666666
东方/s	0.30916030534351147;0.2595419847328244;0.4312977099236641
东莞/ns	0.016129032258064516;0.9032258064516129;0.08064516129032258
东西/n	0.28125;0.1875;0.53125
东部/f	0.6521739130434783;0.13043478260869565;0.21739130434782608
东风/n	0.36053882725832015;0.22345483359746435;0.41600633914421553
东鹏/nr	0.0;0.0;1.0
丢失/v	0.0;0.9393939393939394;0.06060606060606061
两会/j	0.5;0.35714285714285715;0.14285714285714285
两者/r	0.06060606060606061;0.42424242424242425;0.5151515151515151
严/a	0.36363636363636365;0.36363636363636365;0.2727272727272727
严峻/a	0.25;0.75;0.0
严格/ad	0.3372093023255814;0.3953488372093023;0.26744186046511625
严重/a	0.1686746987951807;0.6626506024096386;0.1686746987951807
个/q	0.40168243953732913;0.3228180862250263;0.2754994742376446
个人/n	0.3076923076923077;0.28205128205128205;0.41025641025641024
个别/a	0.15789473684210525;0.3684210526315789;0.47368421052631576
个性/n	0.06666666666666667;0.06666666666666667;0.8666666666666667
个性化/v	0.1038961038961039;0.2727272727272727;0.6233766233766234
中/f	0.31090289608177174;0.3701022146507666;0.31899488926746167
中介/n	0.08333333333333333;0.25;0.6666666666666666
中低档/b	0.06666666666666667;0.9333333333333333;0.0
中信/j	0.40186915887850466;0.09345794392523364;0.5046728971962616
中共/j	0.0;0.125;0.875
中华/nz	0.45161290322580644;0.16129032258064516;0.3870967741935484
中华人民共和国/ns	0.4444444444444444;0.16666666666666666;0.3888888888888889
中原/ns	0.3888888888888889;0.2222222222222222;0.3888888888888889
中国/ns	0.47730398899587345;0.166895919303072;0.3558000917010546
中国证监会/n	0.0;0.5714285714285714;0.42857142857142855
中外合资/l	0.46153846153846156;0.15384615384615385;0.38461538461538464
中央/n	0.2413793103448276;0.43103448275862066;0.3275862068965517
中小/b	0.3068181818181818;0.3068181818181818;0.38636363636363635
中小企业/j	0.125;0.6666666666666666;0.20833333333333334
中层/f	0.0;0.0;1.0
中山/ns	0.23076923076923078;0.15384615384615385;0.6153846153846154
中州/nz	0.0;1.0;0.0
中心/n	0.41366223908918404;0.16318785578747627;0.42314990512333966
中性/n	0.7058823529411765;0.29411764705882354;0.0
中报/j	0.18333333333333332;0.5333333333333333;0.2833333333333333
中文/nz	0.23076923076923078;0.3076923076923077;0.46153846153846156
中方/n	0.5217391304347826;0.13043478260869565;0.34782608695652173
中旬/t	0.38461538461538464;0.15384615384615385;0.46153846153846156
中期/f	0.3793103448275862;0.5344827586206896;0.08620689655172414
中村公泰/nr	0.0;0.0;1.0
中标/v	0.29714285714285715;0.10285714285714286;0.6
中档/b	0.0;1.0;0.0
中止/v	0.0;0.4;0.6
中直/j	0.6684210526315789;0.1368421052631579;0.19473684210526315
中秋节/t	0.36363636363636365;0.2727272727272727;0.36363636363636365
中科/j	0.2222222222222222;0.05555555555555555;0.7222222222222222
中签号/n	0.0;0.0;1.0
中联/nz	0.23076923076923078;0.46153846153846156;0.3076923076923077
中航/j	0.6078431372549019;0.16993464052287582;0.2222222222222222
中路/n	0.15;0.23333333333333334;0.6166666666666667
中部/f	0.7272727272727273;0.0;0.2727272727272727
中银/nz	0.631578947368421;0.15789473684210525;0.21052631578947367
中长期/j	0.5384615384615384;0.38461538461538464;0.07692307692307693
中间/f	0.13333333333333333;0.5333333333333333;0.3333333333333333
中高档/b	0.19047619047619047;0.8095238095238095;0.0
丰/ag	0.2857142857142857;0.21428571428571427;0.5
丰厚/a	0.5294117647058824;0.29411764705882354;0.17647058823529413
丰富/a	0.43243243243243246;0.25675675675675674;0.3108108108108108
串/v	0.6666666666666666;0.25;0.08333333333333333
串联/v	0.0;0.0;1.0
临床/vn	0.07692307692307693;0.05128205128205128;0.8717948717948718
临时/b	0.05714285714285714;0.14285714285714285;0.8
临近/v	0.2857142857142857;0.38095238095238093;0.3333333333333333
临门/v	0.045454545454545456;0.0;0.9545454545454546
为/p	0.36608093716719914;0.3548988285410011;0.2790202342917998
为主/v	0.48314606741573035;0.20224719101123595;0.3146067415730337
为了/p	0.28378378378378377;0.4527027027027027;0.2635135135135135
为什么/r	0.13636363636363635;0.5227272727272727;0.3409090909090909
为何/r	0.2222222222222222;0.5;0.2777777777777778
为准/v	0.0;0.3333333333333333;0.6666666666666666
为止/u	0.5;0.2857142857142857;0.21428571428571427
为由/v	0.0;1.0;0.0
主/n	0.25;0.27205882352941174;0.47794117647058826
主业/n	0.5058823529411764;0.27058823529411763;0.2235294117647059
主任/n	0.2702702702702703;0.2702702702702703;0.4594594594594595
主体/n	0.3103448275862069;0.3793103448275862;0.3103448275862069
主力/n	0.366120218579235;0.3442622950819672;0.2896174863387978
主力军/n	0.7272727272727273;0.09090909090909091;0.18181818181818182
主办/v	0.375;0.0;0.625
主动/ad	0.4716981132075472;0.39622641509433965;0.1320754716981132
主导/n	0.5538461538461539;0.27692307692307694;0.16923076923076924
主席/n	0.3333333333333333;0.2708333333333333;0.3958333333333333
主持/v	0.4666666666666667;0.0;0.5333333333333333
主持人/n	0.6818181818181818;0.22727272727272727;0.09090909090909091
主机/n	0.08333333333333333;0.8333333333333334;0.08333333333333333
主流/n	0.4583333333333333;0.20833333333333334;0.3333333333333333
主管/vn	0.22727272727272727;0.5454545454545454;0.22727272727272727
主线/n	0.7619047619047619;0.14285714285714285;0.09523809523809523
主营/vn	0.32786885245901637;0.5081967213114754;0.16393442622950818
主营业务/n	0.24719101123595505;0.42134831460674155;0.33146067415730335
主要/b	0.2933467741935484;0.4526209677419355;0.2540322580645161
主题/n	0.6212121212121212;0.045454545454545456;0.3333333333333333
丽/ag	0.07692307692307693;0.23076923076923078;0.6923076923076923
举/v	0.3142857142857143;0.4857142857142857;0.2
举办/v	0.24489795918367346;0.10204081632653061;0.6530612244897959
举报/v	0.047619047619047616;0.9047619047619048;0.047619047619047616
举措/n	0.5862068965517241;0.10344827586206896;0.3103448275862069
举行/v	0.42857142857142855;0.09090909090909091;0.4805194805194805
乃至/c	0.5555555555555556;0.2222222222222222;0.2222222222222222
久/a	0.07142857142857142;0.6428571428571429;0.2857142857142857
么/y	0.16;0.56;0.28
义务/n	0.07142857142857142;0.7857142857142857;0.14285714285714285
之/u	0.32212389380530976;0.30619469026548674;0.37168141592920356
之一/r	0.39759036144578314;0.3654618473895582;0.23694779116465864
之上/f	0.3333333333333333;0.3333333333333333;0.3333333333333333
之下/f	0.18181818181818182;0.45454545454545453;0.36363636363636365
之中/f	0.5217391304347826;0.30434782608695654;0.17391304347826086
之内/f	0.18181818181818182;0.7272727272727273;0.09090909090909091
之前/f	0.25210084033613445;0.3865546218487395;0.36134453781512604
之后/f	0.26666666666666666;0.45454545454545453;0.2787878787878788
之外/f	0.38181818181818183;0.41818181818181815;0.2
之所以/c	0.23076923076923078;0.46153846153846156;0.3076923076923077
之间/f	0.33636363636363636;0.38181818181818183;0.2818181818181818
之际/f	0.16666666666666666;0.3333333333333333;0.5
乏力/a	0.0;1.0;0.0
乐/a	0.3235294117647059;0.35294117647058826;0.3235294117647059
乐器/n	0.5714285714285714;0.19387755102040816;0.23469387755102042
乐观/a	0.15789473684210525;0.6842105263157895;0.15789473684210525
乘/v	0.3466666666666667;0.37777777777777777;0.27555555555555555
乙肝/n	0.0;0.0;1.0
九阳/nz	0.36363636363636365;0.5454545454545454;0.09090909090909091
九鼎/n	0.7692307692307693;0.23076923076923078;0.0
也/d	0.29924242424242425;0.38906926406926406;0.3116883116883117
也就是说/l	0.23076923076923078;0.6923076923076923;0.07692307692307693
也许/d	0.1875;0.25;0.5625
习惯/n	0.44;0.16;0.4
习近平/nr	0.8461538461538461;0.0;0.15384615384615385
书/n	0.18181818181818182;0.696969696969697;0.12121212121212122
书房/n	0.0;0.0;1.0
书柜/n	0.0;0.0;1.0
书记/n	0.19402985074626866;0.13432835820895522;0.6716417910447762
书面/b	0.09090909090909091;0.5;0.4090909090909091
买/v	0.16363636363636364;0.4303030303030303;0.40606060606060607
买入/v	0.39829059829059826;0.14358974358974358;0.4581196581196581
买卖/v	0.4421052631578947;0.18947368421052632;0.3684210526315789
买方/n	0.3;0.23333333333333334;0.4666666666666667
买进/v	0.10344827586206896;0.6551724137931034;0.2413793103448276
乱/d	0.16666666666666666;0.6666666666666666;0.16666666666666666
乾/j	0.9230769230769231;0.07692307692307693;0.0
了/ul	0.3502213477619282;0.36768322675848497;0.2820954254795868
了解/v	0.3333333333333333;0.3178294573643411;0.3488372093023256
予以/v	0.2857142857142857;0.5238095238095238;0.19047619047619047
争/v	0.35294117647058826;0.17647058823529413;0.47058823529411764
争创/v	0.7272727272727273;0.18181818181818182;0.09090909090909091
争取/v	0.5652173913043478;0.08695652173913043;0.34782608695652173
争夺/v	0.2857142857142857;0.5;0.21428571428571427
争议/vn	0.05;0.7;0.25
事/n	0.18181818181818182;0.4025974025974026;0.4155844155844156
事业/n	0.5885416666666666;0.06770833333333333;0.34375
事件/n	0.23741007194244604;0.6187050359712231;0.14388489208633093
事先/d	0.36363636363636365;0.36363636363636365;0.2727272727272727
事务/n	0.16666666666666666;0.25;0.5833333333333334
事务所/n	0.0;0.7777777777777778;0.2222222222222222
事宜/n	0.0784313725490196;0.3137254901960784;0.6078431372549019
事实/n	0.038461538461538464;0.7307692307692307;0.23076923076923078
事实上/l	0.18181818181818182;0.6103896103896104;0.2077922077922078
事情/n	0.1;0.5;0.4
事故/n	0.2608695652173913;0.6956521739130435;0.043478260869565216
事项/n	0.11510791366906475;0.31654676258992803;0.5683453237410072
二月/t	0.03333333333333333;0.1;0.8666666666666667
二期/b	0.07894736842105263;0.13157894736842105;0.7894736842105263
二等奖/n	0.38461538461538464;0.0;0.6153846153846154
二级/b	0.39705882352941174;0.2647058823529412;0.3382352941176471
二线/n	0.375;0.4375;0.1875
于/p	0.33266533066132264;0.36472945891783565;0.3026052104208417
于是/c	0.35714285714285715;0.35714285714285715;0.2857142857142857
亏/v	0.07317073170731707;0.8536585365853658;0.07317073170731707
亏损/vn	0.0650887573964497;0.8402366863905325;0.09467455621301775
云/n	0.2923076923076923;0.1076923076923077;0.6
云南/ns	0.3181818181818182;0.09090909090909091;0.5909090909090909
互动/v	0.4329268292682927;0.057926829268292686;0.5091463414634146
互相/d	0.2;0.3333333333333333;0.4666666666666667
互联/v	0.42857142857142855;0.10714285714285714;0.4642857142857143
互联网/n	0.6064981949458483;0.10830324909747292;0.2851985559566787
互补/v	0.5806451612903226;0.12903225806451613;0.2903225806451613
五粮液/n	0.0;1.0;0.0
五金/n	0.3125;0.3125;0.375
井/n	0.7368421052631579;0.21052631578947367;0.05263157894736842
亚/j	0.23423423423423423;0.06306306306306306;0.7027027027027027
亚洲/ns	0.5483870967741935;0.06451612903225806;0.3870967741935484
些/q	0.15384615384615385;0.38461538461538464;0.46153846153846156
交/v	0.29411764705882354;0.39215686274509803;0.3137254901960784
交付/v	0.7358490566037735;0.16981132075471697;0.09433962264150944
交出/v	0.3333333333333333;0.6666666666666666;0.0
交易/n	0.20881226053639848;0.289272030651341;0.5019157088122606
交易会/n	0.875;0.0;0.125
交易所/n	0.17105263157894737;0.3026315789473684;0.5263157894736842
交易日/n	0.2909090909090909;0.22727272727272727;0.4818181818181818
交流/vn	0.3620689655172414;0.034482758620689655;0.603448275862069
交货/vn	0.4117647058823529;0.058823529411764705;0.5294117647058824
交通/n	0.7473684210526316;0.09473684210526316;0.15789473684210525
亦/d	0.4;0.43529411764705883;0.16470588235294117
产/v	0.3996789727126806;0.39646869983948635;0.20385232744783308
产业/n	0.5983606557377049;0.1885245901639344;0.21311475409836064
产业化/vn	0.7391304347826086;0.13043478260869565;0.13043478260869565
产业链/n	0.6833333333333333;0.13333333333333333;0.18333333333333332
产品/n	0.4052197802197802;0.3427197802197802;0.25206043956043955
产学研/j	0.9285714285714286;0.0;0.07142857142857142
产权/n	0.4578313253012048;0.3493975903614458;0.1927710843373494
产生/v	0.17391304347826086;0.5706521739130435;0.2554347826086957
产能/j	0.39473684210526316;0.42105263157894735;0.18421052631578946
产量/n	0.5569620253164557;0.35443037974683544;0.08860759493670886
产销/n	0.6153846153846154;0.1794871794871795;0.20512820512820512
产销率/n	0.46153846153846156;0.5384615384615384;0.0
产销量/j	0.6486486486486487;0.21621621621621623;0.13513513513513514
亨/nr	0.05263157894736842;0.8947368421052632;0.05263157894736842
享/vg	0.16666666666666666;0.25;0.5833333333333334
享受/v	0.21428571428571427;0.36904761904761907;0.4166666666666667
享有/v	0.4166666666666667;0.16666666666666666;0.4166666666666667
京/j	0.2777777777777778;0.2037037037037037;0.5185185185185185
京东/ns	0.42857142857142855;0.14285714285714285;0.42857142857142855
亮/v	0.43478260869565216;0.21739130434782608;0.34782608695652173
亮点/n	0.6363636363636364;0.13636363636363635;0.22727272727272727
亮相/v	0.3;0.1;0.6
亲近/v	0.0;0.0;1.0
人/n	0.24556962025316456;0.36455696202531646;0.389873417721519
人事/n	0.02197802197802198;0.24175824175824176;0.7362637362637363
人们/n	0.5227272727272727;0.1590909090909091;0.3181818181818182
人体/n	0.25;0.4166666666666667;0.3333333333333333
人力/n	0.34146341463414637;0.5365853658536586;0.12195121951219512
人参/n	0.9813084112149533;0.009345794392523364;0.009345794392523364
人口/n	0.782608695652174;0.043478260869565216;0.17391304347826086
人员/n	0.24691358024691357;0.5154320987654321;0.23765432098765432
人均/j	0.6956521739130435;0.21739130434782608;0.08695652173913043
人士/n	0.1288135593220339;0.5661016949152542;0.3050847457627119
人工/n	0.4583333333333333;0.5;0.041666666666666664
人才/n	0.5259259259259259;0.1925925925925926;0.2814814814814815
人数/n	0.041666666666666664;0.5416666666666666;0.4166666666666667
人民/n	0.35555555555555557;0.3111111111111111;0.3333333333333333
人民币/n	0.3120567375886525;0.1773049645390071;0.5106382978723404
人民政府/l	0.6153846153846154;0.07692307692307693;0.3076923076923077
人民法院/l	0.0;0.9;0.1
人气/n	0.2857142857142857;0.21428571428571427;0.5
人物/n	0.06666666666666667;0.13333333333333333;0.8
人生/n	0.3684210526315789;0.05263157894736842;0.5789473684210527
人群/n	0.4482758620689655;0.2413793103448276;0.3103448275862069
人脸/n	0.95;0.05;0.0
什么/r	0.2740740740740741;0.25925925925925924;0.4666666666666667
什么样/r	0.46153846153846156;0.0;0.5384615384615384
仅/d	0.2408026755852843;0.5083612040133779;0.2508361204013378
仅仅/d	0.21212121212121213;0.3939393939393939;0.3939393939393939
仅供参考/l	0.21739130434782608;0.5652173913043478;0.21739130434782608
今/tg	0.46153846153846156;0.0;0.5384615384615384
今后/t	0.4583333333333333;0.1875;0.3541666666666667
今天/t	0.3835616438356164;0.2054794520547945;0.410958904109589
今年/t	0.2305194805194805;0.4431818181818182;0.3262987012987013
今日/t	0.3759124087591241;0.3613138686131387;0.26277372262773724
介入/v	0.29545454545454547;0.2727272727272727;0.4318181818181818
介绍/v	0.4101123595505618;0.20786516853932585;0.38202247191011235
介质/n	0.5161290322580645;0.4838709677419355;0.0
仍/d	0.2765957446808511;0.4920212765957447;0.23138297872340424
仍然/d	0.3181818181818182;0.3787878787878788;0.30303030303030304
从/p	0.3719723183391003;0.35726643598615915;0.27076124567474047
从中/d	0.5;0.3333333333333333;0.16666666666666666
从事/v	0.26993865030674846;0.4785276073619632;0.25153374233128833
从政/v	0.0;0.0;1.0
从而/c	0.375;0.45;0.175
仓/ng	0.336;0.104;0.56
仔细/ad	0.26666666666666666;0.4666666666666667;0.26666666666666666
他/r	0.2350597609561753;0.2868525896414343;0.47808764940239046
他们/r	0.3333333333333333;0.2046783625730994;0.4619883040935672
付出/v	0.25;0.25;0.5
仙/ng	0.0;0.4;0.6
代/q	0.2909090909090909;0.2909090909090909;0.41818181818181815
代价/n	0.07692307692307693;0.6923076923076923;0.23076923076923078
代理/vn	0.21428571428571427;0.3392857142857143;0.44642857142857145
代理商/n	0.0;0.92;0.08
代码/n	0.22709163346613545;0.13545816733067728;0.6374501992031872
代表/n	0.35507246376811596;0.21739130434782608;0.427536231884058
令/v	0.12307692307692308;0.6153846153846154;0.26153846153846155
以/p	0.42607174103237094;0.29483814523184604;0.279090113735783
以上/f	0.38866396761133604;0.2591093117408907;0.3522267206477733
以下/f	0.28651685393258425;0.4438202247191011;0.2696629213483146
以为/v	0.2;0.7333333333333333;0.06666666666666667
以内/f	0.2;0.4666666666666667;0.3333333333333333
以前/f	0.22857142857142856;0.5428571428571428;0.22857142857142856
以及/c	0.50293542074364;0.2700587084148728;0.22700587084148727
以后/f	0.17391304347826086;0.34782608695652173;0.4782608695652174
以外/f	0.4666666666666667;0.13333333333333333;0.4
以往/t	0.2777777777777778;0.16666666666666666;0.5555555555555556
以来/f	0.2993421052631579;0.47368421052631576;0.22697368421052633
以此/d	0.5333333333333333;0.4;0.06666666666666667
仪/k	0.11764705882352941;0.0;0.8823529411764706
仪器/n	0.4838709677419355;0.08064516129032258;0.43548387096774194
仪式/n	0.4576271186440678;0.01694915254237288;0.5254237288135594
们/k	0.2988505747126437;0.19540229885057472;0.5057471264367817
件/q	0.2236842105263158;0.32894736842105265;0.4473684210526316
价/n	0.27104722792607805;0.3347022587268994;0.3942505133470226
价位/n	0.30434782608695654;0.391304347826087;0.30434782608695654
价值/n	0.5822784810126582;0.2869198312236287;0.1308016877637131
价格/n	0.11048158640226628;0.5127478753541076;0.37677053824362605
任/v	0.019230769230769232;0.5192307692307693;0.46153846153846156
任何/r	0.0975609756097561;0.35772357723577236;0.5447154471544715
任务/n	0.6;0.35;0.05
任勇/nr	0.2972972972972973;0.5135135135135135;0.1891891891891892
任命/v	0.0;0.19047619047619047;0.8095238095238095
任职/v	0.0;0.4864864864864865;0.5135135135135135
份/q	0.1686746987951807;0.24096385542168675;0.5903614457831325
份额/n	0.33;0.52;0.15
仿/v	0.17647058823529413;0.11764705882352941;0.7058823529411765
仿制/v	0.3181818181818182;0.09090909090909091;0.5909090909090909
仿真/v	0.8823529411764706;0.0;0.11764705882352941
企/ng	0.1693121693121693;0.6111111111111112;0.21957671957671956
企业/n	0.3984342810053564;0.32715286361763496;0.27441285537700866
企业家/n	0.27586206896551724;0.3448275862068966;0.3793103448275862
伏/v	0.1111111111111111;0.7777777777777778;0.1111111111111111
众/ng	0.3013698630136986;0.410958904109589;0.2876712328767123
优/ag	0.5;0.16666666666666666;0.3333333333333333
优先/v	0.3333333333333333;0.3333333333333333;0.3333333333333333
优势/n	0.687960687960688;0.11793611793611794;0.1941031941031941
优化/v	0.44565217391304346;0.20652173913043478;0.34782608695652173
优异/a	0.5454545454545454;0.09090909090909091;0.36363636363636365
优惠/vn	0.07258064516129033;0.5564516129032258;0.3709677419354839
优惠券/n	0.5833333333333334;0.0;0.4166666666666667
优秀/a	0.6463414634146342;0.012195121951219513;0.34146341463414637
优质/b	0.48314606741573035;0.14606741573033707;0.3707865168539326
优雅/a	0.05263157894736842;0.0;0.9473684210526315
伙伴/n	0.49122807017543857;0.15789473684210525;0.3508771929824561
会/v	0.28328865058087577;0.32797140303842715;0.38873994638069703
会上/t	0.35294117647058826;0.11764705882352941;0.5294117647058824
会见/v	0.8;0.0;0.2
会计/n	0.08;0.84;0.08
会计师/n	0.0;0.6818181818181818;0.3181818181818182
会议/n	0.33858267716535434;0.10236220472440945;0.5590551181102362
会长/n	0.38461538461538464;0.0;0.6153846153846154
伟/nr	0.5757575757575758;0.0;0.42424242424242425
传/v	0.4782608695652174;0.13043478260869565;0.391304347826087
传出/v	0.16666666666666666;0.3333333333333333;0.5
传动/vn	0.14285714285714285;0.02857142857142857;0.8285714285714286
传媒/n	0.38738738738738737;0.04504504504504504;0.5675675675675675
传承/v	0.7692307692307693;0.07692307692307693;0.15384615384615385
传播/vn	0.515625;0.109375;0.375
传统/n	0.5;0.20610687022900764;0.29389312977099236
传言/n	0.0;0.2222222222222222;0.7777777777777778
传递/v	0.3076923076923077;0.11538461538461539;0.5769230769230769
传闻/n	0.18055555555555555;0.125;0.6944444444444444
伤/v	0.07142857142857142;0.9285714285714286;0.0
伦/ng	0.5596919127086007;0.1668806161745828;0.2734274711168164
估/v	0.7407407407407407;0.08148148148148149;0.17777777777777778
估算/v	0.2857142857142857;0.5714285714285714;0.14285714285714285
估计/v	0.39473684210526316;0.5263157894736842;0.07894736842105263
伴随/v	0.4090909090909091;0.45454545454545453;0.13636363636363635
似乎/d	0.10344827586206896;0.6206896551724138;0.27586206896551724
但/c	0.18848167539267016;0.5801047120418849;0.23141361256544501
但是/c	0.19555555555555557;0.5422222222222223;0.26222222222222225
位/q	0.2903225806451613;0.18548387096774194;0.5241935483870968
位于/v	0.3333333333333333;0.22916666666666666;0.4375
位列/v	0.21739130434782608;0.6086956521739131;0.17391304347826086
位居/v	0.5882352941176471;0.08823529411764706;0.3235294117647059
位数/n	0.0;0.02;0.98
位置/n	0.24;0.22;0.54
低/a	0.28169014084507044;0.5610328638497653;0.1572769953051643
低于/v	0.4444444444444444;0.27485380116959063;0.2807017543859649
低价/n	0.25806451612903225;0.3870967741935484;0.3548387096774194
低估/v	0.8461538461538461;0.07692307692307693;0.07692307692307693
低位/n	0.4;0.4666666666666667;0.13333333333333333
低档/b	0.0;1.0;0.0
低空/s	0.9230769230769231;0.0673076923076923;0.009615384615384616
低调/n	0.07692307692307693;0.38461538461538464;0.5384615384615384
低迷/a	0.16666666666666666;0.6944444444444444;0.1388888888888889
住/v	0.28;0.42;0.3
体/ng	0.5666666666666667;0.16666666666666666;0.26666666666666666
体制/n	0.6818181818181818;0.20454545454545456;0.11363636363636363
体现/v	0.5061728395061729;0.2345679012345679;0.25925925925925924
体系/n	0.504950495049505;0.33663366336633666;0.15841584158415842
体育/n	0.16666666666666666;0.05555555555555555;0.7777777777777778
体验/vn	0.20168067226890757;0.04201680672268908;0.7563025210084033
何/r	0.07692307692307693;0.38461538461538464;0.5384615384615384
何时/r	0.23076923076923078;0.38461538461538464;0.38461538461538464
余杭/ns	0.0;0.4642857142857143;0.5357142857142857
余额/n	0.06521739130434782;0.8478260869565217;0.08695652173913043
佚名/n	0.28;0.24;0.48
佛山/ns	0.3181818181818182;0.09090909090909091;0.5909090909090909
作/v	0.2558139534883721;0.32558139534883723;0.4186046511627907
作业/vn	0.6923076923076923;0.23076923076923078;0.07692307692307693
作为/v	0.48253275109170307;0.2576419213973799;0.259825327510917
作出/v	0.35555555555555557;0.4888888888888889;0.15555555555555556
作品/n	0.5555555555555556;0.05555555555555555;0.3888888888888889
作废/v	0.0;0.05;0.95
作用/n	0.45121951219512196;0.14634146341463414;0.4024390243902439
作者/n	0.14814814814814814;0.3888888888888889;0.46296296296296297
作风/n	0.13636363636363635;0.22727272727272727;0.6363636363636364
你/r	0.32663316582914576;0.20100502512562815;0.4723618090452261
你们/r	0.21428571428571427;0.35714285714285715;0.42857142857142855
佳/a	0.26229508196721313;0.4918032786885246;0.2459016393442623
使/v	0.32142857142857145;0.34523809523809523;0.3333333333333333
使命/n	0.6470588235294118;0.11764705882352941;0.23529411764705882
使得/v	0.3157894736842105;0.4868421052631579;0.19736842105263158
使用/v	0.48663101604278075;0.24598930481283424;0.26737967914438504
使用权/n	0.0;0.3333333333333333;0.6666666666666666
例/n	0.4;0.4;0.2
例如/v	0.6875;0.09375;0.21875
供/v	0.17307692307692307;0.34615384615384615;0.4807692307692308
供不应求/i	0.5833333333333334;0.4166666666666667;0.0
供应/vn	0.3925233644859813;0.34579439252336447;0.2616822429906542
供应商/n	0.3333333333333333;0.21052631578947367;0.45614035087719296
供热/v	0.0;0.2857142857142857;0.7142857142857143
供货/vn	0.031746031746031744;0.8888888888888888;0.07936507936507936
依托/v	0.6333333333333333;0.1;0.26666666666666666
依据/n	0.4;0.5142857142857142;0.08571428571428572
依旧/z	0.19230769230769232;0.6153846153846154;0.19230769230769232
依次/d	0.1;0.65;0.25
依法/d	0.125;0.8125;0.0625
依然/d	0.3225806451612903;0.43548387096774194;0.24193548387096775
依赖/v	0.10144927536231885;0.7391304347826086;0.15942028985507245
依靠/v	0.37142857142857144;0.34285714285714286;0.2857142857142857
侧重/v	0.75;0.0;0.25
便/d	0.26126126126126126;0.3783783783783784;0.36036036036036034
便利/a	0.43902439024390244;0.34146341463414637;0.21951219512195122
便宜/a	0.4666666666666667;0.3333333333333333;0.2
促/v	0.3684210526315789;0.2631578947368421;0.3684210526315789
促使/v	0.125;0.5;0.375
促进/v	0.591304347826087;0.1391304347826087;0.26956521739130435
促销/vn	0.08;0.52;0.4
俄/j	0.6521739130434783;0.0;0.34782608695652173
俄罗斯/ns	0.8367346938775511;0.0;0.16326530612244897
保/v	0.7333333333333333;0.1619047619047619;0.10476190476190476
保价/n	0.0;0.975;0.025
保健/n	0.16666666666666666;0.25;0.5833333333333334
保健品/n	0.48672566371681414;0.04424778761061947;0.4690265486725664
保全/v	0.08333333333333333;0.9166666666666666;0.0
保养/v	0.45454545454545453;0.36363636363636365;0.18181818181818182
保利/nz	0.04;0.04;0.92
保守/a	0.23809523809523808;0.38095238095238093;0.38095238095238093
保密/vn	0.15789473684210525;0.6842105263157895;0.15789473684210525
保护/v	0.2976190476190476;0.36904761904761907;0.3333333333333333
保持/v	0.4642857142857143;0.32142857142857145;0.21428571428571427
保有量/n	0.6;0.2;0.2
保留/v	0.5;0.3;0.2
保荐/vn	0.0425531914893617;0.5425531914893617;0.4148936170212766
保证/v	0.4032258064516129;0.21774193548387097;0.3790322580645161
保险/n	0.2413793103448276;0.3793103448275862;0.3793103448275862
保障/vn	0.7317073170731707;0.12195121951219512;0.14634146341463414
信/n	0.33191489361702126;0.4127659574468085;0.2553191489361702
信任/v	0.375;0.0;0.625
信号/n	0.3548387096774194;0.3225806451612903;0.3225806451612903
信心/n	0.45714285714285713;0.4142857142857143;0.12857142857142856
信息/n	0.2565359477124183;0.3464052287581699;0.39705882352941174
信息化/vn	0.42857142857142855;0.05714285714285714;0.5142857142857142
信息网/n	0.3333333333333333;0.2857142857142857;0.38095238095238093
信托/b	0.0;0.8333333333333334;0.16666666666666666
信用/n	0.4473684210526316;0.5526315789473685;0.0
信誉/n	0.7692307692307693;0.23076923076923078;0.0
修改/v	0.2857142857142857;0.2857142857142857;0.42857142857142855
修正/v	0.4583333333333333;0.375;0.16666666666666666
修补/vn	1.0;0.0;0.0
修订/v	0.7666666666666667;0.1;0.13333333333333333
倍/q	0.4180327868852459;0.13934426229508196;0.4426229508196721
倍数/n	0.16666666666666666;0.08333333333333333;0.75
倒/v	0.2777777777777778;0.3888888888888889;0.3333333333333333
倘若/c	0.0;0.9090909090909091;0.09090909090909091
候选人/n	0.21428571428571427;0.7857142857142857;0.0
借/v	0.5;0.2361111111111111;0.2638888888888889
借助/v	0.532258064516129;0.1935483870967742;0.27419354838709675
借款/n	0.0975609756097561;0.8536585365853658;0.04878048780487805
倡导/v	0.6086956521739131;0.043478260869565216;0.34782608695652173
债/n	0.13043478260869565;0.7391304347826086;0.13043478260869565
债券/n	0.043478260869565216;0.8043478260869565;0.15217391304347827
债务/n	0.0;0.9642857142857143;0.03571428571428571
值/n	0.41348973607038125;0.1466275659824047;0.4398826979472141
值得/v	0.22758620689655173;0.5241379310344828;0.2482758620689655
值得一提/l	0.42857142857142855;0.38095238095238093;0.19047619047619047
假/a	0.5238095238095238;0.42857142857142855;0.047619047619047616
假设/v	0.8275862068965517;0.13793103448275862;0.034482758620689655
偏/a	0.23076923076923078;0.38461538461538464;0.38461538461538464
偏离/v	0.10084033613445378;0.11764705882352941;0.7815126050420168
做/v	0.36279926335174956;0.24125230202578268;0.39594843462246776
做出/v	0.4339622641509434;0.32075471698113206;0.24528301886792453
做到/v	0.24;0.06;0.7
做好/v	0.41025641025641024;0.20512820512820512;0.38461538461538464
做法/n	0.18181818181818182;0.5;0.3181818181818182
停/v	0.37170596393897365;0.3356449375866852;0.2926490984743412
停止/v	0.038461538461538464;0.8076923076923077;0.15384615384615385
停滞/v	0.0;0.75;0.25
健/nr	0.26666666666666666;0.0;0.7333333333333333
健全/v	0.76;0.16;0.08
健康/a	0.47619047619047616;0.09226190476190477;0.43154761904761907
偿债/v	0.25;0.75;0.0
偿还/v	0.0;0.6;0.4
储备/vn	0.52;0.12;0.36
储存/v	0.3793103448275862;0.034482758620689655;0.5862068965517241
像/v	0.21818181818181817;0.43636363636363634;0.34545454545454546
儿子/n	0.0;0.5;0.5
儿童/n	0.06896551724137931;0.3448275862068966;0.5862068965517241
允许/v	0.3125;0.625;0.0625
元/q	0.27197149643705465;0.29453681710213775;0.4334916864608076
元元元/nr	0.7142857142857143;0.0;0.2857142857142857
元年/t	0.125;0.07142857142857142;0.8035714285714286
元月/t	0.14285714285714285;0.14285714285714285;0.7142857142857143
元素/n	0.4375;0.125;0.4375
兄弟/n	0.06666666666666667;0.2;0.7333333333333333
充分/ad	0.57;0.2;0.23
充满/v	0.30434782608695654;0.30434782608695654;0.391304347826087
充电/v	0.9649122807017544;0.017543859649122806;0.017543859649122806
充足/a	0.36363636363636365;0.36363636363636365;0.2727272727272727
先/d	0.5;0.2361111111111111;0.2638888888888889
先后/d	0.3090909090909091;0.41818181818181815;0.2727272727272727
先机/n	0.3684210526315789;0.2631578947368421;0.3684210526315789
先生/n	0.078125;0.671875;0.25
先进/a	0.6015625;0.21875;0.1796875
先锋/n	0.25;0.05;0.7
光/n	0.32894736842105265;0.27631578947368424;0.39473684210526316
光大/nz	0.27450980392156865;0.27450980392156865;0.45098039215686275
光明/n	0.34782608695652173;0.08695652173913043;0.5652173913043478
光环/n	0.15384615384615385;0.15384615384615385;0.6923076923076923
光电/b	0.6363636363636364;0.2727272727272727;0.09090909090909091
克/q	0.2569832402234637;0.39664804469273746;0.3463687150837989
克服/v	0.45454545454545453;0.09090909090909091;0.45454545454545453
免/v	0.25;0.0625;0.6875
免疫/vn	0.17647058823529413;0.058823529411764705;0.7647058823529411
免费/v	0.2;0.3111111111111111;0.4888888888888889
兑付/vn	0.0;1.0;0.0
兑现/v	0.36363636363636365;0.5454545454545454;0.09090909090909091
兔/ng	0.7416666666666667;0.25833333333333336;0.0
党/n	0.30952380952380953;0.0;0.6904761904761905
党员/n	0.16666666666666666;0.0;0.8333333333333334
党委/n	0.10810810810810811;0.24324324324324326;0.6486486486486487
党委书记/n	0.10526315789473684;0.07894736842105263;0.8157894736842105
党组/n	0.36363636363636365;0.45454545454545453;0.18181818181818182
入/v	0.35;0.35;0.3
入口/n	0.43902439024390244;0.32926829268292684;0.23170731707317074
入围/v	0.9090909090909091;0.09090909090909091;0.0
入股/v	0.2777777777777778;0.37037037037037035;0.35185185185185186
入选/v	0.45454545454545453;0.4090909090909091;0.13636363636363635
全/a	0.1408839779005525;0.7504604051565378;0.10865561694290976
全体/n	0.19230769230769232;0.36538461538461536;0.4423076923076923
全力/d	0.5357142857142857;0.10714285714285714;0.35714285714285715
全国/n	0.46130952380952384;0.125;0.41369047619047616
全国性/n	0.5384615384615384;0.15384615384615385;0.3076923076923077
全年/n	0.3162393162393162;0.5555555555555556;0.1282051282051282
全新/b	0.7380952380952381;0.047619047619047616;0.21428571428571427
全方位/n	0.65;0.15;0.2
全景/n	0.23837209302325582;0.12790697674418605;0.6337209302325582
全民/n	0.5454545454545454;0.0;0.45454545454545453
全球/n	0.664;0.132;0.204
全球化/vn	0.8571428571428571;0.047619047619047616;0.09523809523809523
全益/nr	0.0;1.0;0.0
全线/n	0.5294117647058824;0.35294117647058826;0.11764705882352941
全资/n	0.4473684210526316;0.2631578947368421;0.2894736842105263
全面/ad	0.5795454545454546;0.14772727272727273;0.2727272727272727
八大/j	0.6666666666666666;0.16666666666666666;0.16666666666666666
八月/t	0.0;0.11764705882352941;0.8823529411764706
公/ng	0.43333333333333335;0.2833333333333333;0.2833333333333333
公交/b	0.375;0.1875;0.4375
公众/n	0.35135135135135137;0.4594594594594595;0.1891891891891892
公共/b	0.38095238095238093;0.2857142857142857;0.3333333333333333
公司/n	0.33344655797101447;0.3898324275362319;0.2767210144927536
公告/n	0.16806722689075632;0.3663865546218487;0.46554621848739497
公安/n	0.10526315789473684;0.8947368421052632;0.0
公布/v	0.24553571428571427;0.32589285714285715;0.42857142857142855
公平/a	0.16666666666666666;0.16666666666666666;0.6666666666666666
公开/ad	0.18289085545722714;0.30678466076696165;0.5103244837758112
公斤/q	0.7894736842105263;0.21052631578947367;0.0
公款/n	0.0;1.0;0.0
公正/a	0.2727272727272727;0.18181818181818182;0.5454545454545454
公路/n	0.7924528301886793;0.07547169811320754;0.1320754716981132
公里/q	0.8076923076923077;0.11538461538461539;0.07692307692307693
六盘水/ns	0.0;0.0;1.0
共/d	0.3805970149253731;0.25;0.3694029850746269
共享/v	0.5789473684210527;0.07894736842105263;0.34210526315789475
共同/d	0.5106382978723404;0.1347517730496454;0.3546099290780142
共计/v	0.2413793103448276;0.5517241379310345;0.20689655172413793
共识/n	0.5;0.1875;0.3125
关/v	0.5909090909090909;0.2727272727272727;0.13636363636363635
关于/p	0.2936170212765957;0.3148936170212766;0.39148936170212767
关心/v	0.4;0.1;0.5
关注/v	0.3765541740674956;0.3641207815275311;0.25932504440497334
关润/nr	0.0;0.0;1.0
关系/n	0.2816326530612245;0.37142857142857144;0.3469387755102041
关联/vn	0.05660377358490566;0.7169811320754716;0.22641509433962265
关键/n	0.4846153846153846;0.3384615384615385;0.17692307692307693
兴/v	0.19008264462809918;0.6198347107438017;0.19008264462809918
兴业/v	0.4;0.2571428571428571;0.34285714285714286
兴起/v	0.16666666666666666;0.5833333333333334;0.25
兴趣/n	0.3;0.25;0.45
其/r	0.23425925925925925;0.5287037037037037;0.23703703703703705
其中/r	0.36333878887070375;0.3960720130932897;0.24058919803600654
其他/r	0.23699421965317918;0.45375722543352603;0.3092485549132948
其余/r	0.20689655172413793;0.5172413793103449;0.27586206896551724
其它/r	0.7096774193548387;0.0967741935483871;0.1935483870967742
其实/d	0.20987654320987653;0.30864197530864196;0.48148148148148145
其次/c	0.4642857142857143;0.42857142857142855;0.10714285714285714
具/vg	0.4406779661016949;0.288135593220339;0.2711864406779661
具体/a	0.3902439024390244;0.25203252032520324;0.35772357723577236
具名/v	0.0;0.8181818181818182;0.18181818181818182
具备/v	0.6548672566371682;0.1504424778761062;0.19469026548672566
具有/v	0.5542635658914729;0.25193798449612403;0.1937984496124031
典型/n	0.5714285714285714;0.3333333333333333;0.09523809523809523
养/v	0.9117647058823529;0.029411764705882353;0.058823529411764705
养护/v	0.7872340425531915;0.02127659574468085;0.19148936170212766
养生/vn	0.7407407407407407;0.1111111111111111;0.14814814814814814
养老/vn	0.21428571428571427;0.07142857142857142;0.7142857142857143
兼/v	0.14285714285714285;0.17857142857142858;0.6785714285714286
